27	31	39	40	46	36
13	31	49	52	56	41
13	33	40	44	46	8
6	21	35	37	38	17
24	25	45	47	53	42
13	35	42	45	54	26
25	34	38	44	56	27
5	15	19	23	38	19
3	26	40	45	52	11
3	19	21	44	45	29
2	20	28	36	45	37
21	27	32	40	52	36
6	29	38	50	51	39
6	23	41	45	56	24
22	31	43	48	56	45
7	12	19	23	31	45
1	36	38	42	49	19
25	44	48	49	55	20
2	22	25	28	50	18
2	3	27	30	47	36
11	21	44	48	49	23
5	15	53	54	56	22
4	38	41	42	43	44
9	43	51	54	55	13
11	19	39	45	54	15
6	24	28	33	42	19
14	17	19	20	32	28
8	10	22	47	48	35
20	25	35	52	55	10
23	31	32	39	56	38
2	9	10	16	35	40
16	29	30	46	56	6
3	9	11	44	49	9
1	2	22	37	50	45
1	10	13	18	46	19
12	17	30	35	47	26
12	17	27	47	48	33
10	14	40	49	51	4
11	24	25	31	46	17
12	29	46	47	51	24
9	10	20	51	53	24
18	21	27	37	38	7
29	32	35	47	52	13
20	23	41	49	53	31
28	30	31	37	55	13
5	7	14	28	56	10
9	12	21	42	43	42
10	17	19	45	48	30
1	2	17	25	48	45
3	33	39	47	53	9
11	16	34	40	51	34
6	18	26	37	41	9
1	16	29	36	50	16
9	10	11	33	51	29
19	29	32	38	55	15
3	18	46	51	53	17
20	24	32	45	51	43
22	23	33	39	48	29
10	23	39	41	45	15
6	40	45	50	56	11
1	19	20	31	36	9
13	14	35	36	53	19
6	15	23	34	38	43
22	24	31	52	54	4
1	14	35	50	53	43
14	33	34	54	56	37
10	11	12	28	43	45
14	19	21	42	45	6
3	17	19	41	55	24
8	10	15	23	41	7
1	12	19	20	47	25
4	5	17	19	50	7
15	22	23	48	55	31
5	6	7	30	45	42
17	18	24	35	39	18
8	9	17	32	34	13
25	35	36	47	48	18
6	20	29	48	55	6
16	22	23	26	35	31
14	33	48	49	50	18
5	8	31	46	50	4
5	9	21	35	38	20
4	27	29	38	45	5
2	15	17	33	35	8
1	4	11	16	45	37
4	22	42	46	53	20
4	8	15	25	47	42
10	12	13	35	56	9
6	18	36	40	49	7
15	16	27	40	52	16
8	11	12	31	32	29
11	20	26	46	53	12
18	22	25	31	38	29
23	27	33	44	46	36
4	38	45	53	54	9
6	11	12	18	56	12
11	16	19	47	53	2
5	9	34	43	47	8
2	6	12	34	35	33
7	14	31	51	54	35
1	26	27	39	46	21
9	26	28	35	38	10
8	26	28	33	53	11
19	25	34	46	53	15
1	3	12	16	54	46
4	19	26	28	39	14
15	21	30	31	32	26
2	7	18	32	53	18
2	9	14	37	42	41
9	10	13	31	50	10
10	31	36	37	43	15
24	29	37	48	50	19
10	19	24	37	44	27
3	8	21	28	52	43
2	10	13	36	38	18
2	28	38	42	55	25
3	20	43	47	52	26
3	4	14	18	27	13
6	14	50	55	56	1
11	12	17	21	23	20
8	18	22	24	38	23
10	13	20	28	36	9
10	20	29	47	48	38
4	10	26	32	41	31
4	23	24	28	32	31
4	13	20	29	48	36
11	19	40	43	44	33
6	17	24	43	55	36
2	14	26	50	56	12
7	13	30	33	54	30
4	13	20	22	56	32
11	30	40	48	52	42
2	7	10	16	29	8
16	19	39	44	49	26
12	18	28	36	43	19
2	15	18	20	39	34
7	11	14	15	34	14
1	31	33	34	50	41
8	18	45	47	50	36
1	10	12	32	36	25
3	4	15	27	37	35
1	2	13	19	27	21
12	17	21	23	30	24
11	36	37	41	55	7
4	12	13	21	27	46
6	13	33	34	42	25
12	18	28	48	54	6
12	13	15	17	50	23
12	27	44	45	51	30
3	11	20	29	39	26
5	14	17	19	24	25
15	20	23	26	30	17
11	13	19	37	40	26
20	21	40	47	56	12
26	33	43	46	54	9
2	7	20	34	50	40
9	21	31	36	43	8
14	20	41	47	53	40
23	37	41	50	55	6
19	26	28	37	52	18
5	8	10	34	42	25
10	16	31	48	50	44
3	12	27	39	47	32
15	18	39	48	53	3
16	43	44	52	56	26
2	17	22	30	31	19
1	11	24	38	44	41
23	41	46	47	52	22
3	25	28	29	40	13
10	31	45	50	54	25
3	22	48	52	56	13
2	15	25	48	53	41
14	16	18	19	29	16
11	31	34	44	52	32
9	12	47	48	56	25
4	14	29	54	56	40
4	16	36	40	53	18
1	22	39	42	46	36
11	12	21	29	45	5
14	16	17	33	47	23
2	17	20	26	48	12
10	20	45	51	53	41
6	7	26	27	49	9
1	10	22	23	38	19
7	8	38	39	48	22
8	13	27	28	52	9
4	5	34	38	41	18
4	7	19	21	38	29
5	9	31	37	56	16
18	20	31	36	43	33
13	28	39	50	55	10
6	8	27	40	41	21
2	5	29	35	51	3
4	16	44	52	54	20
3	33	35	39	45	13
10	20	30	44	49	24
27	31	32	36	47	35
2	21	27	34	44	45
20	23	28	30	46	29
4	33	41	51	56	38
17	30	39	52	53	21
12	25	37	39	45	11
10	11	35	37	50	12
3	4	7	16	56	39
8	22	27	49	50	28
27	43	45	49	54	44
8	21	29	34	37	15
7	11	27	40	46	8
5	18	23	31	38	20
4	15	17	29	38	20
7	13	37	46	51	2
27	45	48	54	56	2
13	17	25	45	55	8
10	13	18	33	51	43
17	31	34	45	51	24
3	14	21	24	51	14
9	33	51	53	56	39
15	24	51	53	55	11
2	21	25	45	50	21
7	27	42	49	52	19
26	29	33	39	46	24
18	27	31	36	52	33
29	30	32	35	41	39
16	27	48	49	54	2
4	10	18	28	50	35
2	4	6	21	44	37
2	9	28	51	53	19
1	17	31	37	54	31
3	12	19	22	40	2
9	38	44	48	49	13
4	5	26	37	56	25
8	22	25	33	35	46
6	12	15	32	42	40
7	18	35	45	56	3
1	28	34	42	50	27
17	35	44	52	56	22
4	17	24	25	48	34
3	6	43	51	52	36
3	8	21	50	52	2
8	17	40	47	50	13
20	29	35	45	53	41
5	10	26	27	28	4
25	27	35	38	39	28
5	6	7	11	25	31
7	34	49	54	55	34
11	15	17	29	46	16
12	14	16	31	50	9
4	9	12	16	46	44
9	15	21	26	45	25
6	11	20	32	44	38
5	17	31	36	56	46
5	20	38	41	52	20
9	13	26	30	35	33
23	30	36	39	48	34
9	18	21	37	55	33
3	29	34	42	49	29
2	4	9	15	42	13
7	12	24	36	48	27
4	8	10	14	51	31
12	27	29	32	34	34
5	23	38	39	54	3
9	16	24	40	43	35
15	20	24	36	44	6
9	20	21	48	49	7
5	24	37	47	52	6
5	13	26	35	45	32
4	11	22	48	50	42
18	25	36	42	51	22
2	4	13	17	36	15
16	22	38	39	48	42
14	39	47	48	53	29
10	15	24	38	50	19
4	25	34	43	44	45
15	16	20	39	40	26
9	15	24	28	31	17
10	12	26	46	50	23
2	27	31	39	40	23
11	18	37	46	55	45
26	32	35	43	52	10
24	37	44	50	56	35
1	27	28	35	40	6
21	28	41	45	55	24
1	9	23	27	33	24
25	36	37	40	51	20
18	29	38	43	47	7
2	12	18	28	31	3
4	15	29	43	56	29
13	16	19	53	55	2
3	11	12	14	21	25
2	17	20	27	28	7
1	9	10	35	46	9
2	4	21	39	51	29
22	25	33	36	48	40
23	25	30	45	50	8
3	11	12	19	33	30
2	11	19	21	34	38
1	22	29	44	52	39
6	19	29	33	37	31
1	8	13	27	41	45
3	13	16	39	54	32
10	14	16	29	40	6
10	16	19	27	48	25
11	12	26	31	33	27
21	27	46	52	55	14
2	17	22	32	51	35
10	30	44	46	48	44
2	11	22	51	52	46
1	22	52	53	56	45
10	15	22	52	53	12
3	18	19	30	34	3
5	27	38	42	55	41
14	24	32	43	44	21
10	21	23	41	55	9
2	7	17	29	47	40
6	39	45	46	48	36
5	33	34	47	52	18
16	19	39	42	44	38
7	15	27	28	31	35
14	35	41	42	51	23
14	15	43	46	48	21
2	25	35	38	42	34
13	28	32	41	52	16
9	30	35	39	49	36
6	13	14	31	36	36
9	32	34	43	52	4
2	9	41	48	51	37
13	24	39	51	52	44
1	12	14	25	35	38
22	23	28	49	52	2
1	6	15	27	46	39
14	23	43	44	54	39
21	25	26	50	51	22
6	16	24	34	36	30
12	13	15	41	42	37
9	18	19	26	40	38
8	23	29	30	53	7
2	7	23	38	40	40
11	17	28	32	50	33
9	21	36	38	55	13
9	13	17	18	56	2
11	13	20	30	42	3
2	16	19	35	52	17
2	16	23	29	32	46
17	29	36	53	55	26
19	24	34	45	51	40
5	14	16	39	51	34
1	20	22	29	41	35
1	3	12	19	20	28
1	22	33	43	52	36
8	14	22	39	50	44
10	22	36	50	53	39
11	17	25	36	42	13
5	14	25	47	49	36
8	9	14	38	44	36
3	5	15	43	51	11
8	9	43	44	54	27
4	19	24	32	54	5
39	40	47	53	55	32
14	24	32	45	49	17
4	8	11	22	30	4
2	14	26	32	41	32
6	11	39	46	47	26
20	24	27	31	47	15
16	31	43	46	56	22
4	21	46	53	54	26
8	28	37	53	55	26
19	24	35	44	51	26
19	32	37	45	52	41
3	22	31	48	54	9
24	28	36	50	53	29
12	13	27	48	50	30
14	18	27	31	42	7
8	9	31	37	44	38
3	5	40	45	49	17
4	17	26	46	56	25
7	26	27	40	43	10
38	42	43	48	53	12
5	8	17	19	41	21
13	15	20	25	44	37
3	12	18	25	52	21
4	13	35	41	47	44
19	32	33	41	48	12
7	15	30	33	56	22
5	17	22	26	55	38
9	12	30	36	55	15
7	12	13	19	22	10
1	38	42	55	56	34
7	11	26	30	53	14
14	27	39	47	50	12
21	30	43	46	50	18
4	5	17	40	51	38
3	14	30	44	56	5
8	23	39	40	42	24
5	12	22	38	56	22
12	15	22	25	33	2
12	22	33	43	44	15
21	30	42	44	50	6
22	36	42	45	55	42
10	29	45	52	54	10
24	31	39	40	56	32
13	16	25	30	54	11
2	19	22	28	54	25
19	36	37	48	52	8
14	19	20	43	53	7
3	23	46	48	49	2
4	7	12	17	30	44
6	25	27	30	45	46
12	18	26	28	51	35
16	27	30	45	53	43
5	6	12	26	51	7
9	10	26	29	39	10
18	21	33	42	56	11
14	20	23	42	43	6
12	13	30	31	39	29
15	26	36	39	40	45
11	33	41	42	46	21
3	17	43	46	47	2
1	3	34	49	52	19
2	8	44	46	51	22
12	20	24	38	51	3
2	7	45	52	53	18
5	15	18	23	46	14
1	2	5	41	44	25
21	26	34	44	54	23
1	10	17	32	51	44
10	19	37	40	48	1
28	37	40	43	44	20
4	13	20	25	33	42
2	19	23	47	54	16
5	21	23	33	45	43
20	24	31	34	49	8
5	9	12	33	40	27
9	10	17	21	35	6
14	19	27	34	48	3
3	6	11	42	46	38
8	18	22	40	44	11
37	40	48	53	56	44
4	21	46	51	53	5
8	38	54	55	56	2
2	8	33	38	53	12
5	8	9	24	34	17
10	20	32	33	54	39
36	41	50	55	56	9
16	29	42	46	51	40
5	18	37	39	43	42
7	12	35	54	55	2
8	17	20	23	50	17
6	13	30	41	52	26
16	30	38	46	51	5
7	39	41	48	53	21
19	24	30	34	56	19
3	9	12	25	47	37
21	35	37	39	40	35
1	17	40	51	52	7
4	10	20	29	45	21
11	14	21	24	31	23
5	16	31	49	54	19
1	5	16	26	30	21
3	13	19	31	50	21
6	26	29	31	39	31
27	35	38	49	56	15
12	19	29	32	48	9
2	24	44	51	54	7
10	14	22	42	43	1
2	7	11	22	36	35
13	23	24	30	44	5
6	13	42	46	56	42
28	30	33	48	54	25
16	24	41	43	54	36
4	9	20	45	55	34
11	16	31	52	53	42
5	7	26	38	56	15
8	10	35	36	43	14
1	9	10	23	53	40
1	4	11	31	47	37
11	14	21	25	26	33
7	15	16	19	28	10
24	32	34	36	39	6
16	26	33	34	46	38
15	23	37	48	53	22
18	25	34	35	42	6
18	21	35	51	53	36
7	21	46	49	55	15
17	25	36	40	43	9
7	11	16	38	49	35
10	13	25	42	43	30
16	22	29	39	42	20
14	21	33	35	51	43
18	31	44	45	48	18
3	18	21	38	50	43
1	9	26	46	51	11
17	35	40	46	48	41
3	9	24	29	41	41
32	39	46	48	49	41
16	21	35	36	46	38
22	33	35	40	53	15
14	18	44	52	56	25
16	17	36	49	54	14
3	5	15	26	53	35
4	28	30	31	35	17
4	8	15	33	52	10
12	14	26	40	42	22
7	11	26	38	54	13
2	12	44	46	51	6
9	10	38	51	53	1
3	4	10	39	50	29
7	12	25	44	53	3
5	12	15	25	34	43
9	32	37	42	48	7
6	7	17	28	40	39
20	30	31	35	49	23
1	15	29	32	45	8
6	9	13	43	46	45
16	22	23	37	53	35
7	14	24	41	56	7
14	35	40	47	48	35
7	13	20	42	47	9
5	19	25	30	50	42
9	20	24	25	36	23
11	42	52	53	55	28
13	22	33	51	52	42
8	10	22	25	55	22
5	34	40	45	46	21
15	22	26	30	32	31
5	25	41	48	51	35
9	13	23	29	54	34
6	18	20	28	38	37
24	27	42	47	50	8
14	30	35	40	43	2
1	11	20	21	46	18
6	19	32	33	40	39
3	25	43	45	55	40
3	6	38	42	45	30
7	12	17	22	43	16
2	19	44	45	56	43
6	26	33	39	55	1
3	16	25	30	44	42
9	17	34	52	53	2
1	32	36	42	53	4
5	6	51	53	55	12
15	25	37	38	52	4
17	24	35	46	54	33
3	4	5	7	36	16
5	12	13	46	50	10
10	12	22	44	48	16
14	16	38	40	49	29
1	5	13	18	33	30
2	24	31	50	55	44
14	29	32	43	49	14
2	13	23	32	35	4
7	21	24	41	51	10
18	26	35	36	43	24
12	13	29	49	52	20
13	25	26	28	56	39
5	14	34	36	52	42
7	15	27	46	56	39
9	15	31	42	45	41
20	40	46	48	54	27
2	14	20	29	44	32
13	17	24	34	56	24
11	21	37	53	54	12
27	30	36	38	45	13
1	20	23	24	33	29
8	17	18	26	47	37
5	29	35	52	53	9
3	10	18	36	38	41
2	13	28	34	45	36
12	14	20	47	48	24
17	21	28	48	54	1
5	12	31	51	56	1
7	24	40	48	50	15
6	36	39	45	52	45
7	15	24	43	44	22
8	20	39	53	55	10
7	11	22	27	31	33
16	29	32	36	55	12
1	20	32	37	39	9
2	4	7	27	41	4
13	14	25	34	50	6
8	10	18	29	33	10
2	12	45	46	56	20
1	18	31	46	52	37
9	25	48	51	56	7
4	7	19	50	52	15
14	18	35	39	49	14
1	2	17	47	49	19
4	16	17	28	31	8
8	11	23	48	52	5
27	28	30	42	50	22
4	17	18	51	54	31
15	27	36	38	42	32
25	29	38	39	46	4
2	4	35	36	48	22
3	5	12	16	34	27
14	23	27	36	45	36
16	25	31	43	46	28
27	36	43	49	54	33
24	39	40	43	46	2
2	16	25	30	48	26
29	31	32	41	52	42
1	35	53	54	56	44
2	7	8	18	29	46
31	34	36	51	55	4
18	22	28	44	53	46
24	32	37	39	40	44
5	21	27	44	53	36
7	27	32	37	38	30
8	11	28	37	53	12
15	19	20	32	38	21
14	20	25	40	44	37
11	24	27	49	55	23
10	37	39	49	54	8
6	20	23	40	56	36
14	25	26	31	56	17
9	10	12	22	41	4
14	15	31	32	43	20
6	10	26	30	33	16
3	12	21	38	44	45
7	8	47	51	52	5
5	25	31	33	34	41
9	22	37	41	43	30
8	18	21	42	46	11
2	4	5	40	48	7
9	14	34	50	51	40
8	16	21	25	27	16
7	9	41	53	54	38
5	18	21	28	36	20
8	17	25	28	53	1
7	12	18	31	55	30
11	17	28	29	36	42
3	12	16	32	33	15
6	20	24	25	34	44
24	30	42	53	54	20
2	4	23	27	36	37
12	24	28	29	36	41
1	3	14	30	52	10
14	17	26	27	28	5
6	7	20	41	51	38
35	36	40	42	52	45
5	16	41	46	50	1
13	24	44	48	52	30
15	28	43	51	52	11
1	8	27	31	50	40
1	4	14	45	53	33
19	32	42	49	56	29
5	20	38	47	54	35
6	7	8	13	40	12
2	13	18	36	46	36
9	15	20	24	55	3
8	37	38	45	54	21
13	35	36	43	52	5
3	5	48	50	53	4
17	22	39	50	52	46
4	16	23	25	40	22
1	10	18	29	55	8
7	18	27	35	54	34
7	13	48	51	54	11
9	13	25	36	48	2
5	17	32	39	53	36
9	23	45	48	50	3
22	38	48	50	55	29
14	25	41	42	50	40
2	20	37	43	46	4
14	43	44	50	56	7